33200
33200
33100
33100
33400
55500
55500
55300
55300
55200
44400
44400
44200
44200
44300
22500
22500
22400
22400
22100
11300
11300
11100
11100
11500
23140
13340
25450
24430
34430
23540
24540
45430
35450
12540
34120
12140
14140
35430
12350
51510
51350
45350
25150
12310
24130
13310
35130
51310
14130
25130
34120
14520
45420
45250
24120
45230
23420
25520
24520
23120
34230
35120
51250
25420
13120
51230
13520
14320
14435
14251
24231
45235
12351
12451
13451
13245
23241
34214
34243
25341
51235
35435
35245
23510